2 32 0.00035 
4 32 0.00018 
6 32 0.00022 
8 32 0.00021 
16 32 0.00040 
32 32 0.00067 
2 64 0.00055 
4 64 0.00040 
6 64 0.00043 
8 64 0.00045 
16 64 0.00062 
32 64 0.00090 
2 128 0.00357 
4 128 0.00230 
6 128 0.00215 
8 128 0.00180 
16 128 0.00236 
32 128 0.00326 
2 256 0.02894 
4 256 0.02151 
6 256 0.01510 
8 256 0.01244 
16 256 0.01496 
32 256 0.01499 
2 512 0.26138 
4 512 0.14481 
6 512 0.13310 
8 512 0.12653 
16 512 0.11861 
32 512 0.11666 
2 1024 4.90741 
4 1024 2.81924 
6 1024 2.76048 
8 1024 2.40814 
16 1024 3.03179 
32 1024 3.27726 
